------------------------------------------------TimSort 14.04.2019 23:03:55------------------------------------------------
 1 1 4 6 6 7 10 11 12 12 13 14 15 20 21 22 22 23 26 28 31 31 32 32 35 36 37 39 39 42 44 47 49 51 52 53 57 58 61 62 62 63 63 64 65 67 68 68 72 73 74 75 75 75 75 77 77 79 80 82 83 84 85 86 87 91 94 94 94 95 95 96 96 97 98
Количество элементов массива - 75
Время выполнения сортировки - 00:00:00.0019189
---------------------------------------------SmoothSort 14.04.2019 23:03:55---------------------------------------------
 1 2 3 3 12 12 14 17 19 20 20 22 22 24 26 26 27 27 28 28 29 30 31 33 33 34 34 35 36 37 38 39 39 40 41 42 42 44 44 44 45 48 49 51 53 55 57 57 58 63 65 66 68 72 72 72 73 77 78 78 79 83 83 84 84 85 86 87 88 89 90 90 93 93 98
Количество элементов массива - 75
Время выполнения сортировки - 00:00:00.0021040
------------------------------------------------TimSort 14.04.2019 23:03:59------------------------------------------------
 2 2 4 7 7 8 9 11 11 12 13 14 16 17 17 18 19 22 22 22 23 23 24 24 25 25 30 32 33 33 34 34 38 43 48 50 54 55 55 57 58 60 61 61 61 62 62 62 62 67 67 69 71 72 72 73 75 78 78 79 81 82 82 82 84 85 88 88 88 89 92 93 95 96 98
Количество элементов массива - 75
Время выполнения сортировки - 00:00:00.0020411
---------------------------------------------SmoothSort 14.04.2019 23:03:59---------------------------------------------
 4 5 6 6 7 7 10 11 11 14 14 16 17 18 20 20 21 23 24 26 27 27 27 27 28 29 29 32 32 35 35 38 39 42 43 44 48 49 50 51 52 52 54 56 57 57 58 60 60 61 65 66 71 72 74 76 77 78 78 78 78 80 81 82 83 85 85 86 88 88 89 89 91 96 98
Количество элементов массива - 75
Время выполнения сортировки - 00:00:00.0022284
------------------------------------------------TimSort 14.04.2019 23:04:04------------------------------------------------
 0 2 2 3 3 13 13 17 18 19 20 21 25 28 28 29 29 29 29 30 32 35 35 36 39 39 42 44 46 54 54 55 56 56 57 59 60 60 61 62 62 65 65 65 67 67 67 67 68 68 68 68 69 70 70 71 75 76 77 81 83 83 84 84 84 85 85 86 87 88 94 95 96 97 98
Количество элементов массива - 75
Время выполнения сортировки - 00:00:00.0022403
---------------------------------------------SmoothSort 14.04.2019 23:04:04---------------------------------------------
 3 3 4 4 5 7 7 9 10 11 11 12 13 13 14 14 15 15 17 18 19 20 22 22 22 23 24 24 25 27 29 29 33 33 37 37 38 43 45 46 49 49 51 51 51 51 53 53 53 56 60 60 60 61 65 68 70 71 72 73 73 74 75 78 80 85 85 88 88 89 92 93 94 96 97
Количество элементов массива - 75
Время выполнения сортировки - 00:00:00.0024501
------------------------------------------------TimSort 14.04.2019 23:04:08------------------------------------------------
 1 1 2 2 2 3 6 6 7 7 8 11 12 12 12 14 14 17 19 20 23 24 26 29 30 33 33 33 34 34 35 35 37 37 40 41 45 45 46 48 53 55 56 56 57 57 58 60 61 61 64 64 67 68 70 73 73 76 76 82 82 82 83 83 86 86 86 89 92 92 93 93 98 98 98
Количество элементов массива - 75
Время выполнения сортировки - 00:00:00.0020334
---------------------------------------------SmoothSort 14.04.2019 23:04:08---------------------------------------------
 2 3 4 5 6 6 6 7 7 8 10 12 14 16 17 20 20 21 24 24 25 30 31 31 33 37 40 41 42 42 42 44 45 47 48 50 51 51 53 55 55 56 56 58 59 59 59 60 61 64 65 66 68 70 75 76 76 76 77 77 78 79 82 82 82 83 83 86 88 92 94 95 97 97 98
Количество элементов массива - 75
Время выполнения сортировки - 00:00:00.0022550
------------------------------------------------TimSort 14.04.2019 23:04:11------------------------------------------------
 0 1 3 5 5 5 5 7 7 8 10 12 14 15 19 22 23 23 25 26 27 32 32 35 37 42 46 46 50 50 51 51 52 53 54 55 55 56 58 58 61 63 63 67 68 68 69 69 71 71 72 72 74 75 75 76 76 76 78 78 81 81 82 82 83 84 86 86 86 90 92 93 96 97 98
Количество элементов массива - 75
Время выполнения сортировки - 00:00:00.0020061
---------------------------------------------SmoothSort 14.04.2019 23:04:11---------------------------------------------
 1 1 2 6 6 7 8 9 10 11 12 13 14 14 15 18 18 20 21 24 25 26 27 27 28 32 32 32 33 35 36 36 36 36 37 44 45 46 46 47 50 52 55 56 57 57 57 57 60 64 65 67 69 72 73 75 75 78 78 80 80 80 85 85 86 86 89 90 93 93 93 94 94 95 96
Количество элементов массива - 75
Время выполнения сортировки - 00:00:00.0021893
------------------------------------------------TimSort 14.04.2019 23:04:51------------------------------------------------
 0 0 0 2 2 4 4 7 8 10 10 11 12 13 13 13 16 19 19 21 22 25 29 29 30 31 32 33 34 36 37 38 40 41 42 44 46 51 52 53 55 55 58 59 59 59 61 62 62 64 65 65 68 70 73 73 74 74 77 80 80 81 81 82 84 85 86 89 89 92 93 93 94 94 95
Количество элементов массива - 75
Время выполнения сортировки - 00:00:00.0018685
---------------------------------------------SmoothSort 14.04.2019 23:05:14---------------------------------------------
 0 0 0 2 2 4 6 7 7 7 8 9 10 11 12 14 14 16 18 18 18 20 21 21 23 23 24 25 26 28 30 34 34 35 39 39 41 41 43 44 46 49 51 53 53 55 57 57 58 59 61 62 65 66 66 67 68 70 71 72 75 76 80 81 82 82 86 87 87 90 91 95 96 97 97
Количество элементов массива - 75
Время выполнения сортировки - 00:00:00.0020956
